baseline_20/conv2d_20/kernel:0
(3, 3, 1, 16)
[[[[ 0.12969251  0.05783766  0.2211273   0.29389587 -0.03123798
    -0.1593695   0.10174283  0.3579679   0.21231264  0.07409626
    -0.1517977   0.0489641  -0.21062909 -0.24371505  0.1107128
    -0.07296362]]

  [[-0.24010542 -0.23044986 -0.14565375  0.09494427 -0.24879885
     0.26168254  0.05505803 -0.06562902  0.26025635  0.17999166
    -0.26991782  0.23151375 -0.07436241  0.11849323 -0.18094295
    -0.09882262]]

  [[-0.04410363  0.15745345  0.06114769 -0.05989212 -0.14816257
     0.05133298 -0.05818777 -0.07572675 -0.11767749 -0.11881758
     0.05564076  0.07283663 -0.07670417 -0.07597155  0.09569157
     0.11339279]]]


 [[[ 0.04915867  0.24824505  0.06837877 -0.04807707  0.03731199
     0.17121308 -0.15188552 -0.03352861 -0.2096997  -0.1859462
     0.26465514  0.06358706  0.07259528 -0.01012832  0.10494981
     0.01478059]]

  [[ 0.07497948 -0.14190382  0.02045647  0.03458077  0.19718534
    -0.02145817  0.21181984 -0.13071562 -0.04717775 -0.21116906
    -0.00618074 -0.18438767  0.04516884  0.0138231  -0.08774529
     0.24633928]]

  [[ 0.00708527 -0.06962375  0.03269952  0.11804934 -0.07315085
    -0.06482175  0.01943665 -0.0363311   0.11273368  0.0973689
     0.08841409  0.03103988  0.07290832  0.12304654  0.11374609
     0.07893304]]]


 [[[-0.01339546  0.10036506 -0.10998492 -0.11417266 -0.04784999
    -0.18434924  0.12231433 -0.08151496 -0.12152449 -0.09057172
     0.02565194  0.06331313 -0.15577976  0.23744604  0.07948011
     0.34499833]]

  [[-0.02957289 -0.04747244  0.14395647 -0.02701608  0.23651528
    -0.18722583 -0.21623065  0.01758859 -0.18986101 -0.25128075
     0.25092942 -0.16282499 -0.28968993  0.00406766  0.26732606
    -0.0642987 ]]

  [[ 0.17325114 -0.01883963 -0.01377598  0.07184324  0.21493767
    -0.14886855  0.15882643  0.06418514 -0.11755186  0.0025655
    -0.07901063  0.04316925 -0.07857646 -0.05610283  0.0303605
     0.04920983]]]]
baseline_20/conv2d_20/bias:0
(16,)
[ 0.03584887  0.07528006 -0.05629216 -0.02617022 -0.01907897  0.10374904
  0.07694486 -0.05434468  0.01248417  0.05151236 -0.04163158  0.04877886
  0.05804252 -0.02084642 -0.09311035 -0.05361288]
baseline_20/batch_normalization_20/gamma:0
(16,)
[0.73586965 0.8097027  1.4000945  1.1677872  1.4362489  1.2070267
 1.0816504  0.7878731  2.2331648  0.6256083  1.8081112  1.0647787
 0.78224355 1.1234096  1.0046351  1.107364  ]
baseline_20/batch_normalization_20/beta:0
(16,)
[-0.296502   -0.05977697 -0.06794969 -0.5995919  -0.5524275  -0.34587944
 -0.41722485 -0.14264232 -0.17520444 -0.03299336 -0.6054703  -0.55358016
 -0.08576661 -0.42250246 -0.36537462 -0.3961028 ]
baseline_20/dense_40/kernel:0
(544, 1024)
[[ 0.00869944  0.02309273  0.01329829 ... -0.05681791 -0.06290676
   0.00376617]
 [-0.04011635 -0.01786988 -0.05935693 ... -0.03913903 -0.01148241
   0.04010857]
 [-0.02512652 -0.04881022 -0.0620455  ... -0.06715795 -0.05697247
   0.00081254]
 ...
 [ 0.0138574  -0.012998    0.0467088  ...  0.03707046 -0.00388903
   0.00876398]
 [-0.00764157  0.0325705   0.01554323 ... -0.06845547 -0.03628013
   0.02791545]
 [-0.06757143 -0.04749463  0.01144785 ...  0.00765862 -0.02098367
   0.05899768]]
baseline_20/dense_40/bias:0
(1024,)
[-0.01643002 -0.01023467 -0.01409161 ... -0.01250146 -0.01403813
 -0.0050078 ]
baseline_20/dense_41/kernel:0
(1024, 5)
[[ 0.01958238 -0.01596009 -0.01558311 -0.00107414 -0.03938662]
 [ 0.01635263  0.02578611 -0.06007272 -0.04418357 -0.05753436]
 [-0.05755455 -0.04352289 -0.03123604 -0.01910016 -0.00696412]
 ...
 [-0.06399678  0.05897686 -0.0291885   0.03140176  0.04710589]
 [ 0.04857968 -0.05955896  0.04909918  0.06376067  0.05569085]
 [ 0.05117348  0.02286556  0.0378374  -0.05752943 -0.06615592]]
baseline_20/dense_41/bias:0
(5,)
[-0.31622612 -0.10186218  0.35285994  0.11915057 -0.09224129]
